69241 11
65225 11
68011 11
68208 11
68012 11
70266 11
07085 11
07086 11
07087 11
07069 11
07088 11
07089 11
07090 11
07091 11
07068 11
07097 11
07070 11
07071 11
07073 11
67424 11
07074 11
07075 11
07076 11
07077 11
07078 11
07079 11
07080 11
07081 11
07082 11
07084 11
65539 35
68660 35
68041 35
17725 35
17726 35
17727 35
17728 35
17710 35
17729 35
17731 35
17732 35
17733 35
65540 35
17711 35
17712 35
17714 35
17715 35
17717 35
17709 35
67594 35
17719 35
17720 35
17721 35
17722 35
17723 35
68028 23
69054 23
12328 23
12329 23
12330 23
12331 23
12311 23
12337 23
12338 23
12313 23
12314 23
12316 23
12317 23
12318 23
12319 23
12321 23
12322 23
12323 23
12324 23
12327 23
05724 6
70348 6
68007 6
05744 6
05728 6
05747 6
05748 6
05749 6
05729 6
05730 6
65167 6
05731 6
05732 6
05733 6
05734 6
05740 6
05742 6
05743 6
70230 17
68580 17
70263 17
68019 17
09865 17
09866 17
09848 17
09869 17
09849 17
09850 17
65328 17
09853 17
09856 17
09857 17
09858 17
09859 17
09860 17
09861 17
09863 17
68292 45
24955 45
24956 45
24941 45
24961 45
24962 45
24965 45
24969 45
24970 45
24971 45
24972 45
65824 45
24973 45
24943 45
24947 45
24940 45
24950 45
24951 45
24954 45
68870 21
68024 21
11327 21
11328 21
11310 21
11329 21
11330 21
11312 21
11313 21
11309 21
11316 21
11317 21
11320 21
11321 21
11322 21
11323 21
11324 21
11326 21
69534 94
68890 94
68183 94
63239 94
63240 94
63241 94
63242 94
63227 94
63228 94
63231 94
66778 94
63232 94
66779 94
66780 94
63225 94
67066 94
63236 94
63238 94
08909 16
68018 16
70326 16
68790 16
08928 16
08916 16
08917 16
08919 16
08920 16
08921 16
08923 16
65298 16
08924 16
65299 16
67470 16
08926 16
08927 16
70332 27
68592 27
13647 27
13648 27
13631 27
13632 27
13636 27
13637 27
13638 27
13630 27
13640 27
13642 27
13643 27
13644 27
13645 27
13646 27
70015 31
68586 31
68033 31
14899 31
14900 31
14882 31
14884 31
14885 31
14886 31
65445 31
14889 31
14893 31
14894 31
14895 31
14896 31
14898 31
68048 39
21885 39
21888 39
21870 39
21889 39
21891 39
21871 39
21869 39
21875 39
21876 39
21878 39
67660 39
67659 39
21883 39
21884 39
27221 49
27206 49
27207 49
27208 49
27210 49
27211 49
27212 49
65890 49
27214 49
65889 49
67757 49
27215 49
27216 49
27217 49
27218 49
38539 65
38540 65
38541 65
38542 65
38544 65
38527 65
38529 65
38530 65
38532 65
66183 65
38524 65
67934 65
38534 65
38536 65
38538 65
57919 87
57949 87
57950 87
57952 87
57934 87
57953 87
57935 87
57936 87
57937 87
66606 87
57939 87
57940 87
57942 87
67299 87
57947 87
62173 90
62174 90
62175 90
62159 90
62163 90
62164 90
62165 90
66743 90
66742 90
67036 90
62168 90
62169 90
62170 90
62171 90
62172 90
70306 98
68992 98
64223 98
64224 98
64212 98
66818 98
64213 98
66816 98
64215 98
67012 98
64217 98
64219 98
64218 98
64221 98
64222 98
64290 99
64284 99
64291 99
64292 99
64294 99
64295 99
64296 99
66820 99
64280 99
64299 99
64300 99
64281 99
64288 99
64289 99
64283 99
69206 2
02002 2
02003 2
01987 2
01988 2
01989 2
01990 2
01991 2
01992 2
65043 2
01995 2
67356 2
01998 2
02000 2
70244 9
06472 9
06473 9
06474 9
06475 9
06477 9
06478 9
06480 9
65200 9
06471 9
67414 9
06482 9
06484 9
06485 9
06486 9
69281 25
65403 25
13213 25
13214 25
13216 25
13217 25
13199 25
13200 25
13201 25
13202 25
13205 25
13206 25
13208 25
13209 25
68050 40
68674 40
68688 40
21943 40
21945 40
21950 40
65721 40
21941 40
67663 40
21951 40
21953 40
21954 40
21955 40
21956 40
28125 50
28108 50
28109 50
28110 50
28111 50
28113 50
28114 50
28115 50
28116 50
28107 50
28118 50
28120 50
28122 50
28123 50
28124 50
33266 58
70299 58
33285 58
33267 58
33269 58
33273 58
33274 58
33277 58
33278 58
33279 58
33281 58
33282 58
33283 58
33284 58
34823 60
34824 60
34825 60
34826 60
34827 60
34829 60
34830 60
34831 60
67873 60
34832 60
34833 60
34835 60
34837 60
34838 60
34839 60
36946 63
36930 63
36931 63
36932 63
36933 63
36936 63
36937 63
36938 63
66147 63
66146 63
36929 63
36939 63
36941 63
36942 63
36944 63
70345 66
68694 66
68770 66
68114 66
38999 66
39001 66
39002 66
39003 66
38990 66
67937 66
39004 66
39006 66
38995 66
38996 66
38997 66
70249 67
68122 67
40115 67
40116 67
40117 67
40119 67
40120 67
40121 67
40122 67
40123 67
66246 67
40124 67
40128 67
40129 67
40130 67
56573 83
56574 83
56557 83
56576 83
56577 83
56579 83
56558 83
56556 83
56560 83
56563 83
56564 83
56566 83
56568 83
56569 83
56571 83
69092 86
57645 86
57647 86
57630 86
57631 86
57632 86
57633 86
57634 86
67292 86
57635 86
57636 86
57638 86
57641 86
57642 86
57643 86
68330 92
62968 92
62982 92
62970 92
62984 92
62971 92
66769 92
67057 92
62986 92
62973 92
62964 92
67058 92
62979 92
62966 92
63679 95
63665 95
63666 95
63667 95
63668 95
63670 95
63671 95
63672 95
63673 95
66798 95
66799 95
67078 95
63676 95
63677 95
63678 95
05644 5
05629 5
05630 5
05631 5
05632 5
05633 5
05634 5
05635 5
05636 5
65162 5
05637 5
65161 5
05638 5
05641 5
05642 5
68274 10
68010 10
06835 10
06836 10
06837 10
06838 10
06839 10
06840 10
06841 10
65216 10
06832 10
06842 10
06844 10
06833 10
06834 10
07389 12
07390 12
07391 12
07392 12
07393 12
07394 12
07395 12
07396 12
07397 12
65242 12
65241 12
67431 12
07399 12
07401 12
07402 12
08950 15
08951 15
08952 15
08953 15
08955 15
08935 15
08936 15
08937 15
08938 15
08939 15
08942 15
08944 15
08946 15
08948 15
08949 15
17076 34
69298 34
68632 34
17084 34
17085 34
17086 34
17087 34
17088 34
17090 34
17091 34
17092 34
65507 34
17093 34
17095 34
69016 38
20980 38
20981 38
20982 38
20983 38
20984 38
20985 38
20986 38
20987 38
65677 38
20978 38
20988 38
20990 38
20992 38
20979 38
69325 41
22129 41
22130 41
22115 41
22116 41
22118 41
22119 41
22120 41
22121 41
65731 41
22124 41
22125 41
22127 41
68528 46
25337 46
25338 46
25339 46
25322 46
25323 46
25324 46
25325 46
25326 46
25327 46
25328 46
25329 46
25321 46
25332 46
25333 46
68396 47
68068 47
26713 47
26736 47
26712 47
26739 47
26741 47
26714 47
26715 47
26716 47
26717 47
26719 47
26722 47
26724 47
26726 47
68350 48
68070 48
26972 48
26973 48
26974 48
26975 48
26976 48
26977 48
26978 48
26971 48
26980 48
26981 48
26983 48
26985 48
26986 48
31765 53
31766 53
31767 53
31752 53
31753 53
31754 53
31755 53
31756 53
65996 53
67817 53
31762 53
31763 53
31764 53
32146 54
68084 54
68085 54
32158 54
32160 54
32161 54
32162 54
32163 54
66008 54
66007 54
32164 54
32165 54
32155 54
32319 56
32335 56
32336 56
32337 56
32338 56
32321 56
32322 56
32324 56
32326 56
32327 56
32328 56
66014 56
32333 56
32334 56
68794 59
34746 59
34733 59
34734 59
34736 59
34737 59
34738 59
34739 59
34741 59
66098 59
66099 59
34732 59
34742 59
34744 59
34745 59
51054 79
68928 79
51057 79
51056 79
51058 79
51059 79
51060 79
51061 79
51063 79
51064 79
67188 79
51069 79
51070 79
51072 79
68162 82
68624 82
55364 82
55365 82
55366 82
55367 82
55368 82
55369 82
55370 82
66575 82
55361 82
55372 82
55374 82
55362 82
55363 82
56851 84
56852 84
56838 84
56839 84
56841 84
56842 84
56844 84
56846 84
66592 84
56837 84
67279 84
56848 84
56849 84
68622 93
68182 93
70245 93
63204 93
63205 93
63206 93
63207 93
63208 93
63209 93
63200 93
63210 93
63212 93
63214 93
63202 93
63203 93
70296 97
70132 97
64087 97
64088 97
64089 97
64090 97
64091 97
64092 97
64093 97
64084 97
67009 97
64094 97
64096 97
64085 97
64086 97
00618 0
00639 0
00624 0
00628 0
00629 0
00630 0
00631 0
00632 0
65009 0
00623 0
00633 0
00636 0
00638 0
68003 3
68576 3
70309 3
03005 3
03006 3
03007 3
03008 3
65085 3
65084 3
67367 3
03000 3
03001 3
03002 3
03003 3
70107 7
06333 7
06334 7
06336 7
06337 7
06338 7
06339 7
65187 7
67411 7
06341 7
06342 7
06343 7
06331 7
06332 7
09966 18
09967 18
09968 18
09969 18
09970 18
09953 18
09954 18
65332 18
09956 18
09949 18
09960 18
09961 18
09962 18
09963 18
68202 22
68027 22
11771 22
11773 22
11774 22
11775 22
11776 22
11767 22
11777 22
11779 22
11780 22
11768 22
11769 22
11770 22
69282 26
13337 26
13326 26
13327 26
13328 26
13329 26
13330 26
13331 26
65408 26
65409 26
13323 26
67531 26
13333 26
69283 28
13697 28
13699 28
13700 28
13701 28
13702 28
13704 28
13695 28
67536 28
13705 28
13706 28
13707 28
13709 28
70152 29
68988 29
69048 29
14627 29
14628 29
14629 29
14630 29
65434 29
14631 29
14633 29
14622 29
14623 29
14624 29
14625 29
69290 30
14674 30
14675 30
14676 30
14677 30
14678 30
14679 30
14680 30
65439 30
65440 30
14671 30
14681 30
14684 30
17007 33
68842 33
70049 33
17015 33
17017 33
17018 33
17019 33
65503 33
65504 33
17013 33
17025 33
17026 33
17014 33
68520 36
68044 36
69086 36
18328 36
18329 36
18331 36
18332 36
65601 36
67610 36
18333 36
18334 36
18335 36
18324 36
18325 36
68046 37
70051 37
19261 37
19263 37
19264 37
19265 37
19266 37
65635 37
67624 37
19268 37
19269 37
19258 37
19259 37
19260 37
68692 42
68054 42
70376 42
22955 42
22956 42
22959 42
22960 42
22961 42
22963 42
22965 42
22966 42
22967 42
22952 42
22953 42
69343 44
24655 44
24656 44
24657 44
24659 44
24660 44
24638 44
24640 44
24643 44
24645 44
24648 44
24651 44
24652 44
66010 55
68086 55
69068 55
32248 55
32249 55
32250 55
32251 55
32252 55
32254 55
32257 55
32259 55
32260 55
32261 55
68974 62
35511 62
35512 62
35514 62
35515 62
35516 62
35517 62
35518 62
35509 62
35519 62
35520 62
35521 62
35522 62
35523 62
42827 70
69430 70
70246 70
42831 70
42832 70
42835 70
42836 70
42838 70
66296 70
42829 70
67990 70
42843 70
42830 70
42974 71
42958 71
42959 71
42961 71
66297 71
42963 71
42964 71
42956 71
42966 71
42967 71
42969 71
42971 71
42972 71
68288 72
68133 72
43170 72
43172 72
43173 72
43174 72
43175 72
67081 72
43177 72
43179 72
43180 72
43167 72
43168 72
43169 72
68218 77
68510 77
70207 77
49601 77
49602 77
49603 77
49604 77
49595 77
49605 77
49596 77
49597 77
49598 77
49599 77
49600 77
50037 78
50038 78
50039 78
50040 78
50042 78
50043 78
50044 78
50045 78
66441 78
50046 78
50047 78
50048 78
50049 78
51206 80
70355 80
51221 80
51223 80
51225 80
51226 80
51228 80
51229 80
66469 80
51231 80
51232 80
51235 80
51236 80
68294 89
70356 89
68171 89
58503 89
58504 89
58505 89
58506 89
66644 89
67309 89
58508 89
58498 89
58499 89
58500 89
58501 89
68178 91
68540 91
62246 91
62248 91
62249 91
62250 91
62251 91
62253 91
67038 91
62256 91
62257 91
62258 91
62259 91
62245 91
63804 96
63805 96
63806 96
63790 96
63791 96
63792 96
63793 96
63794 96
66804 96
67003 96
63799 96
63801 96
63802 96
63803 96
01383 1
01384 1
01385 1
01387 1
01388 1
01390 1
65029 1
67350 1
01392 1
01393 1
01395 1
01396 1
68612 4
05230 4
05231 4
05233 4
05234 4
05237 4
05238 4
65144 4
65145 4
05229 4
67392 4
05241 4
05243 4
65192 8
68338 8
70357 8
70359 8
06365 8
06367 8
06368 8
06359 8
67413 8
06371 8
06361 8
06363 8
70242 13
69028 13
07963 13
07966 13
07967 13
07969 13
65263 13
07960 13
67446 13
07971 13
07972 13
07961 13
07962 13
68368 14
68016 14
08427 14
08428 14
08431 14
08433 14
65278 14
08424 14
67451 14
08434 14
08435 14
08437 14
10146 19
10161 19
10162 19
10164 19
10147 19
10166 19
10148 19
10149 19
67489 19
10157 19
10158 19
10160 19
68374 20
10895 20
10896 20
10899 20
10900 20
65362 20
65363 20
10892 20
67501 20
10902 20
10903 20
10893 20
10894 20
68029 24
69004 24
13158 24
13160 24
13161 24
67527 24
13164 24
13165 24
13166 24
13167 24
13168 24
13156 24
13157 24
15034 32
15035 32
15036 32
15038 32
15039 32
65449 32
65450 32
67555 32
67556 32
15041 32
15042 32
15032 32
15033 32
23782 43
23771 43
23772 43
23773 43
23774 43
23766 43
23777 43
67697 43
23779 43
23780 43
23768 43
23769 43
70295 51
28205 51
28207 51
28208 51
28210 51
67776 51
28211 51
28212 51
28213 51
28214 51
28202 51
28204 51
68079 52
30847 52
30848 52
30831 52
30832 52
30834 52
30835 52
30837 52
30838 52
67802 52
30840 52
30842 52
30843 52
66038 57
32949 57
32951 57
32953 57
32954 57
32945 57
67840 57
32955 57
32957 57
32959 57
32946 57
32947 57
35454 61
35455 61
35456 61
35458 61
35460 61
35452 61
67890 61
35462 61
35463 61
35464 61
35465 61
35467 61
35453 61
68544 64
37885 64
37886 64
37888 64
37889 64
37881 64
67925 64
37891 64
37892 64
37893 64
37894 64
37883 64
37884 64
68125 68
40838 68
40839 68
40841 68
40842 68
40834 68
67958 68
40844 68
40845 68
40846 68
40847 68
40836 68
40837 68
70211 69
68127 69
41030 69
41032 69
41033 69
41025 69
67961 69
41035 69
41036 69
41037 69
41026 69
41028 69
41029 69
70378 73
45265 73
45266 73
45268 73
45269 73
66351 73
45261 73
67111 73
45271 73
45272 73
45273 73
45263 73
45264 73
68137 74
68726 74
70247 74
45439 74
45440 74
66355 74
67114 74
45442 74
45443 74
45433 74
45434 74
45436 74
45437 74
68142 75
48122 75
48105 75
48106 75
48107 75
67143 75
48109 75
48111 75
67142 75
48114 75
48117 75
48120 75
68856 76
49175 76
49178 76
49181 76
67159 76
67161 76
49183 76
49184 76
49185 76
49186 76
49188 76
49174 76
70335 81
53272 81
53273 81
53275 81
53276 81
66531 81
66532 81
53268 81
67227 81
53278 81
53279 81
53270 81
53271 81
57279 85
57280 85
57281 85
57283 85
57284 85
57276 85
67287 85
57286 85
57287 85
57288 85
57289 85
57291 85
57277 85
58362 88
58363 88
58364 88
58366 88
58367 88
66637 88
66638 88
66639 88
66640 88
67306 88
58369 88
58360 88
58361 88
